12010000
12013500
12020000
12025700
12035000
12040500
12041200
12048000
12054000
12056500
12073500
12082500
12092000
12114500
12115000
12117000
12143600
12144000
12145500
12147500
12167000
12175500
12178100
12186000
12189500
12375900
12377150
12381400
12383500
12390700
12411000
12447390
12451000
12488500
13011500
13011900
13018300
13023000
13161500
13235000
13240000
13313000
13331500
14020000
14096850
14137000
14138800
14138870
14138900
14139800
14141500
14154500
14158790
14166500
14182500
14185000
14185900
14187000
14216500
14222500
14236200
14301000
14303200
14305500
14306340
14306500
14308990
14309500
14316700
14325000
14362250
14400000
